sample_id,filename,ground_truth,hierarchical_gt,prediction,confidence,reasoning,raw_response,all_predictions
0,pubmed/fa_03_PMC6872615_JVIM-33-2770-g004_5.jpg,no definitive diagnosis,nan,no definitive diagnosis,0.5,Step 1: ,,['no definitive diagnosis']
1,youtube/IXZC_NOKpq0_frame_20623_0_0.jpg,no definitive diagnosis,no definitive diagnosis,no definitive diagnosis,0.5,Step 1: ,,['no definitive diagnosis']
2,pubmed/5e_ea_PMC7007033_abd-94-04-0491-g03_1.jpg,no definitive diagnosis,nan,no definitive diagnosis,0.0,"Step 1: The image shows a fingernail. I need to analyze morphological features, color changes, or any abnormalities present on the nail.",,['no definitive diagnosis']
3,pubmed/42_f3_PMC8202470_IDOJ_12_454_g001_0.png,no definitive diagnosis,nan,no definitive diagnosis,0.5,"Step 1: The image shows erythematous patches on the facial skin. I need to observe specific features such as morphology, distribution, and surface characteristics to guide the next steps. | Step 2: The image shows an erythematous, scaly patch with ill-defined borders on the face. I need to explore relevant dermatological conditions that present with these features, focusing on facial dermatoses with erythematous patches and scaling. | Step 3: I need to observe specific features such as morpholog",,['no definitive diagnosis']
4,youtube/0JGlIffYRuM_frame_4049_0.jpg,no definitive diagnosis,no definitive diagnosis,no definitive diagnosis,0.5,"Step 1: I need to observe the image to extract clinical features such as morphology, color, distribution, surface features, and body location. | Step 2: The image shows a nodule on the face with pink/red coloration, smooth and ulcerated surface, and well-defined irregular borders. Given these features, I should explore possible diagnoses related to nodular lesions with ulceration, especially considering facial location, which might suggest a concern for a malignant process like basal cell carcin",,['no definitive diagnosis']
5,youtube/TyY1qef8dIM_frame_562_0.jpg,allergic contact dermatitis,"inflammatory, non-infectious, eczema, contact dermatitis, allergic contact dermatitis",no definitive diagnosis,0.5,"Step 1: Begin by observing the image to identify key clinical features such as morphology, color, distribution, and other characteristics. | Step 2: The image shows vesicles, erosions, and red patches on the arm and body, which could be indicative of various dermatological conditions. I need to navigate the ontology to explore potential categories and diagnoses for these clinical features. | Step 3: ",,['no definitive diagnosis']
6,youtube/y06F3fLlDzM_frame_2891_0_0.jpg,allergic contact dermatitis,"inflammatory, non-infectious, eczema, contact dermatitis, allergic contact dermatitis",no definitive diagnosis,0.5,"Step 1: The image shows multiple small, rough, slightly erythematous papules distributed on the upper arm. The distribution and appearance suggest a potential diagnosis. I will now explore the disease ontology tree to examine relevant categories. | Step 2: The image shows multiple small, rough, and slightly erythematous papules on the upper arm. This distribution and appearance are suggestive of a common skin condition. I will now explore the disease ontology tree to examine relevant categories.",,['no definitive diagnosis']
7,youtube/TL_AhJVL7Xg_frame_3317_1.jpg,allergic contact dermatitis,"inflammatory, non-infectious, eczema, contact dermatitis, allergic contact dermatitis",no definitive diagnosis,0.5,"Step 1: I need to observe the image closely to identify key clinical features such as morphology, color, distribution, surface features, and the exact body location. | Step 2: ",,['no definitive diagnosis']
8,youtube/TlLO0Ujv_wg_frame_29136_0_0.jpg,allergic contact dermatitis,"inflammatory, non-infectious, eczema, contact dermatitis, allergic contact dermatitis",no definitive diagnosis,0.5,Step 1: ,,['no definitive diagnosis']
9,youtube/RBEULrR75Ic_frame_51337_1.jpg,allergic contact dermatitis,"inflammatory, non-infectious, eczema, contact dermatitis, allergic contact dermatitis",no definitive diagnosis,0.5,"Step 1: The image shows a red, possibly inflamed area covering the side of the face and neck. There may be swelling or erythema. I need to explore the possible conditions related to these observations. | Step 2: I will start by observing the image to gather clinical features such as morphology, color, distribution, surface characteristics, and body location. | Step 3: Based on the observations—red, ill-defined patches localized on the face—I should explore conditions related to erythema on the f",,['no definitive diagnosis']
10,youtube/ES7RUPzSx3U_frame_1830_0_0.jpg,"irritated seborrheic keratosis (from ""sk/isk"")","proliferations, benign, non-melanocytic, seborrheic keratosis, irritated seborrheic keratosis (from ""sk/isk"")",no definitive diagnosis,0.5,"Step 1: I will start by observing the image to gather clinical features such as morphology, color, distribution, surface features, and body location. | Step 2: Based on the observations of brown verrucous papules with irregular borders on the upper arm, I will navigate the disease ontology to explore possible conditions that match these clinical features. | Step 3: I will observe the image to gather clinical features such as morphology, color, distribution, surface features, and body location. |",,['no definitive diagnosis']
11,youtube/KC3Yyxprz20_frame_10935_0_0.jpg,"irritated seborrheic keratosis (from ""sk/isk"")","proliferations, benign, non-melanocytic, seborrheic keratosis, irritated seborrheic keratosis (from ""sk/isk"")",no definitive diagnosis,0.5,"Step 1: The image shows a skin condition with visible blood vessels. I will observe the image to gather detailed clinical features such as the morphology, color, and distribution of the lesions. | Step 2: The image reveals visible superficial veins and a medical procedure involving injection. This suggests a condition related to varicose veins or venous issues. I will explore the disease ontology tree to find relevant categories that may match these observations. | Step 3: The image shows superf",,['no definitive diagnosis']
12,youtube/s0YmSISoUug_frame_3817_0_0.jpg,"irritated seborrheic keratosis (from ""sk/isk"")","proliferations, benign, non-melanocytic, seborrheic keratosis, irritated seborrheic keratosis (from ""sk/isk"")",no definitive diagnosis,0.5,Step 1: I need to observe the image to gather clinical features for analysis. | Step 2: ,,['no definitive diagnosis']
13,youtube/v3Hn2eplsiw_frame_67623_0_0.jpg,"irritated seborrheic keratosis (from ""sk/isk"")","proliferations, benign, non-melanocytic, seborrheic keratosis, irritated seborrheic keratosis (from ""sk/isk"")",no definitive diagnosis,0.5,Step 1: ,,['no definitive diagnosis']
14,note/Sewon-Kang-Fitzpatrick’s-Dermatology[2-Volume Set]-McGraw-Hil-Education(2019)-part8_00290_03575_0.png,"irritated seborrheic keratosis (from ""sk/isk"")","proliferations, benign, non-melanocytic, seborrheic keratosis, irritated seborrheic keratosis (from ""sk/isk"")",no definitive diagnosis,0.5,"Step 1: I will start by observing the image to gather clinical features of the skin lesion. | Step 2: The observation notes an ulcerated red lesion with irregular borders on the forehead, consistent with possible skin malignancy. I will navigate the disease ontology to explore relevant categories such as skin cancers or ulcerated lesions. | Step 3: The image shows an ulcerated, red lesion with irregular borders on the forehead, suggesting a potential skin malignancy. I need to explore relevant c",,['no definitive diagnosis']
15,IIYI/66_1.png,psoriasis,"inflammatory, non-infectious, psoriasis",no definitive diagnosis,0.5,"Step 1: I need to analyze the image to extract clinical features such as morphology, color, distribution, and surface features of the skin lesions. | Step 2: I should explore the disease ontology tree to identify possible diagnoses for the observed features: red, pink, and white patches and plaques with scaly, rough surfaces on the dorsal hands. | Step 3: I need to use ""navigate_ontology"" to explore potential diagnoses based on the observed features: red, pink, and white scaly plaques on the dor",,['no definitive diagnosis']
16,youtube/o1YUsJxsHdU_frame_138268_1.jpg,psoriasis,"inflammatory, non-infectious, psoriasis",no definitive diagnosis,0.5,"Step 1: I will examine the image to identify clinical features such as morphology, color, distribution, and other characteristics. | Step 2: Based on the image, the key features are papules, macules, and erosions that are red and purple, localized on the lower leg with scaly and crusted surfaces. I will explore the disease ontology to find potential categories that fit these observations. | Step 3: ",,['no definitive diagnosis']
17,youtube/7yKeNoCB8_E_frame_33920_1.jpg,psoriasis,"inflammatory, non-infectious, psoriasis",no definitive diagnosis,0.5,"Step 1: First, I need to observe the image to gather detailed clinical features. | Step 2: I need to observe the image to identify any visible clinical features for analysis. | Step 3: The image shows a dark central area surrounded by a lighter halo. To proceed with a possible diagnosis, I need to explore relevant categories in the disease ontology tree. | Step 4: ",,['no definitive diagnosis']
18,youtube/iIhr9-LwS5Q_frame_11211_9.jpg,psoriasis,"inflammatory, non-infectious, psoriasis",no definitive diagnosis,0.0,"Step 1: First, I need to observe the image to gather clinical features such as morphology, color, distribution, surface features, and body location. | Step 2: The image lacks clear identifiable lesions or specific features that would allow for a confident dermatological diagnosis. Therefore, I should conclude with no definitive diagnosis.",,['no definitive diagnosis']
19,youtube/Xl3sMLqhK30_frame_29964_5.jpg,psoriasis,"inflammatory, non-infectious, psoriasis",no definitive diagnosis,0.5,"Step 1: I will start by observing the image to identify the clinical features, including morphology, color, distribution, surface features, and body location. | Step 2: Based on the observed features of a purple papule with a smooth surface and well-defined border, I will explore potential diagnoses in the ontology tree for consideration. | Step 3: ",,['no definitive diagnosis']
20,public/5453977556464879778.png,eczema,"inflammatory, non-infectious, eczema",no definitive diagnosis,0.5,"Step 1: I will start by observing the image to gather clinical features such as morphology, color, distribution, surface features, and body location. | Step 2: I will observe the image to gather clinical features such as morphology, color, distribution, surface features, and body location. | Step 3: Based on the image, I observed papules and erosions on the ankle, with red and pink colors and a smooth surface. The distribution is localized, and the borders are ill-defined. The lesion size is app",,['no definitive diagnosis']
21,youtube/Z3Oa5mxfCOw_frame_15078_0_0.jpg,eczema,"inflammatory, non-infectious, eczema",no definitive diagnosis,0.5,Step 1: ,,['no definitive diagnosis']
22,IIYI/1587_2.png,eczema,"inflammatory, non-infectious, eczema",no definitive diagnosis,0.5,"Step 1: Begin by observing the image to gather clinical features such as morphology, color, and distribution of skin findings. | Step 2: The observations describe plaques that are red and brown in color, localized on the scalp, with a scaly surface and ill-defined borders. Next, I'll explore the ontology tree to identify possible conditions associated with these features. | Step 3: The image shows scaly, red and brown plaques localized on the scalp, with ill-defined borders. These characteristic",,['no definitive diagnosis']
23,public/stasis-dermatitis-20.jpg,eczema,"inflammatory, non-infectious, eczema",no definitive diagnosis,0.5,"Step 1: I'll start by observing the image to identify clinical features, including morphology, color, and distribution. | Step 2: The image shows localized red and brown patches and plaques with erosion and scaling on the lower leg, which is suggestive of a chronic inflammatory condition. This presentation is commonly seen in conditions like stasis dermatitis. I'll navigate the ontology to find possible matches. | Step 3: The image shows characteristics consistent with stasis dermatitis: red and",,['no definitive diagnosis']
24,youtube/uzcGVrNYLaI_frame_343_0_0.jpg,eczema,"inflammatory, non-infectious, eczema",no definitive diagnosis,0.5,"Step 1: The image shows a red, scaly plaque on the elbow, which appears to be characteristic. I will analyze the clinical features more closely. | Step 2: ",,['no definitive diagnosis']
25,public/ISIC_1842966.JPG,basal cell carcinoma,"proliferations, malignant, non-melanocytic, basal cell carcinoma",no definitive diagnosis,0.5,"Step 1: I need to observe the image carefully to identify any clinical features such as morphology, color, distribution, surface features, and body location. | Step 2: Based on the observed features—patch, plaque, pink/red/white colors, smooth surface, and irregular border—I need to explore possible conditions within the dermatological disease ontology. These features might suggest inflammatory or possibly neoplastic conditions. I'll navigate the ontology to explore relevant categories. | Step 3",,['no definitive diagnosis']
26,public/ISIC_0022074.JPG,basal cell carcinoma,"proliferations, malignant, non-melanocytic, basal cell carcinoma",no definitive diagnosis,0.5,"Step 1: I need to observe the image to gather detailed clinical features such as morphology, color, distribution, and surface features. | Step 2: Based on the observation, this appears to be a localized brown macule with a smooth surface and well-defined border. To proceed further, I should explore the disease ontology tree to find relevant categories for these features. | Step 3: I need to observe the image to gather detailed clinical features such as morphology, color, distribution, and surfac",,['no definitive diagnosis']
27,youtube/ibybqKzOz54_frame_5920_1.jpg,basal cell carcinoma,"proliferations, malignant, non-melanocytic, basal cell carcinoma",no definitive diagnosis,0.5,Step 1: ,,['no definitive diagnosis']
28,public/ISIC_0022408.JPG,basal cell carcinoma,"proliferations, malignant, non-melanocytic, basal cell carcinoma",no definitive diagnosis,0.5,"Step 1: I will start by observing the image to gather clinical features such as morphology, color, distribution, surface features, and body location. | Step 2: ",,['no definitive diagnosis']
29,youtube/jt3qSMam07o_frame_4640_1.jpg,basal cell carcinoma,"proliferations, malignant, non-melanocytic, basal cell carcinoma",no definitive diagnosis,0.5,"Step 1: First, I will observe the image to identify key clinical features such as morphology, color, and surface characteristics. | Step 2: The image shows a pink, smooth, well-defined nodule approximately 5 mm in size. To narrow down potential diagnoses, I will explore relevant categories within the disease ontology tree using these characteristics. | Step 3: Based on the image, the lesion appears to be a pink, smooth, well-defined nodule, approximately 5 mm in size. To explore potential diagno",,['no definitive diagnosis']
30,youtube/ZkntcZt0aho_frame_58923_1.jpg,proliferations,proliferations,no definitive diagnosis,0.5,"Step 1: I need to observe the image to identify clinical features such as morphology, color, distribution, surface features, and body location. | Step 2: The lesion is a large, red, smooth-surfaced plaque with well-defined borders localized on the leg. Next, I will explore the dermatological disease ontology to identify possible conditions that match these features. | Step 3: ",,['no definitive diagnosis']
31,youtube/ue12XjkOV_E_frame_48562_0_0.jpg,proliferations,proliferations,no definitive diagnosis,0.5,"Step 1: The image shows a skin area with observable features. I need to identify and describe the clinical features such as morphology, color, distribution, and surface characteristics. | Step 2: The image shows a scaly, pink to red plaque with an ill-defined border on the lower leg. This presentation is suggestive of several conditions. I will navigate the disease ontology tree to explore relevant categories and find suitable diagnoses. | Step 3: ",,['no definitive diagnosis']
32,youtube/BZ21v4OaWpM_frame_21990_2.jpg,proliferations,proliferations,no definitive diagnosis,0.5,"Step 1: I need to observe the image to gather clinical features, including morphology, color, distribution, and surface features. | Step 2: I need to explore the disease ontology tree to identify possible conditions associated with a pink, smooth nodule on the upper lip. | Step 3: ",,['no definitive diagnosis']
33,youtube/4DN_SfwZZXU_frame_19788_0_0.jpg,proliferations,proliferations,no definitive diagnosis,0.5,Step 1: ,,['no definitive diagnosis']
34,youtube/oa3o-pGMz-U_frame_0_0.jpg,proliferations,proliferations,no definitive diagnosis,0.5,"Step 1: I need to observe the image to identify clinical features such as morphology, color, distribution, surface characteristics, and body location. | Step 2: Based on the image, I observe red and pink scaly papules localized on the arm. I will navigate the ontology tree to explore potential diagnoses related to these features. | Step 3: ",,['no definitive diagnosis']
35,"edu/Argenziano, Giuseppe- Giacomel, Jason- Zalaudek, Iris - Dermatoscopy of Non-Pigmented Skin Tumors - Pink - Think - Blink.-CRC Press (2015)_00030_07186_1.jpg",squamous cell carcinoma,"proliferations, malignant, non-melanocytic, squamous cell carcinoma",no definitive diagnosis,0.5,"Step 1: First, I will observe the image to identify clinical features such as morphology, color, distribution, and surface characteristics that might help in diagnosis. | Step 2: ",,['no definitive diagnosis']
36,youtube/1O4E-aTIIiY_frame_8598_0.jpg,squamous cell carcinoma,"proliferations, malignant, non-melanocytic, squamous cell carcinoma",no definitive diagnosis,0.5,"Step 1: I need to observe the image to gather clinical features such as morphology, color, distribution, surface features, and body location. | Step 2: Based on the observed features (erosions, ulcers, pink/red/brown coloration, crusted and ulcerated surface), I should explore relevant categories in the disease ontology tree for ulcerated lesions with these characteristics. | Step 3: I need to navigate the disease ontology tree to explore categories for ulcerated skin lesions with the observed c",,['no definitive diagnosis']
37,youtube/ydZgOLJuf6U_frame_43277_1.jpg,squamous cell carcinoma,"proliferations, malignant, non-melanocytic, squamous cell carcinoma",no definitive diagnosis,0.5,"Step 1: First, I will observe the image to extract clinical features such as morphology, color, distribution, and specific characteristics of the skin lesion. | Step 2: The lesion observed is a red and brown scaly patch with an ill-defined border, located on the scalp. It measures approximately 3 cm. Next, I will navigate the disease ontology to explore categories related to scaly patches on the scalp. | Step 3: ",,['no definitive diagnosis']
38,youtube/EScWfQK7pvA_frame_36436_0.jpg,squamous cell carcinoma,"proliferations, malignant, non-melanocytic, squamous cell carcinoma",no definitive diagnosis,0.5,"Step 1: I will begin by observing the image to extract clinical features such as morphology, distribution, and location. | Step 2: ",,['no definitive diagnosis']
39,public/ISIC_0021072.JPG,squamous cell carcinoma,"proliferations, malignant, non-melanocytic, squamous cell carcinoma",no definitive diagnosis,0.5,"Step 1: I need to observe the image to gather clinical features such as morphology, color, distribution, surface features, and body location. | Step 2: Based on the observations, I need to explore the disease ontology tree focusing on conditions with red, smooth, ill-defined patches. These features could align with several dermatological conditions. | Step 3: The observed features include a red, smooth, ill-defined patch. I will navigate the ontology tree to explore categories related to red pat",,['no definitive diagnosis']
40,IIYI/20486_2.png,urticaria,"reaction patterns and descriptive terms, hypersensitivity, allergic reaction, urticaria",no definitive diagnosis,0.5,"Step 1: I need to observe the image to gather clinical features such as morphology, color, distribution, and body location. | Step 2: The image shows red, smooth, ill-defined patches on the back, which are generalized and vary in size. I will navigate the disease ontology tree to explore potential categories and diseases that match these observations. | Step 3: ",,['no definitive diagnosis']
41,public/-1542787778564695920.png,urticaria,"reaction patterns and descriptive terms, hypersensitivity, allergic reaction, urticaria",no definitive diagnosis,0.5,"Step 1: I will start by observing the image to gather clinical features such as morphology, color, distribution, and any surface features visible. | Step 2: The observed features include a linear distribution of red and pink patches with ill-defined borders and a smooth surface on the trunk. I will now navigate the disease ontology tree to explore categories that could match these features. | Step 3: ",,['no definitive diagnosis']
42,youtube/EHC3ejfvcrY_frame_3125_0_0.jpg,urticaria,"reaction patterns and descriptive terms, hypersensitivity, allergic reaction, urticaria",no definitive diagnosis,0.5,"Step 1: The image shows a portion of facial skin with visible lesions. I need to observe closely to gather clinical features such as morphology, distribution, and color of the lesions. | Step 2: The image shows facial skin with multiple small, red papulopustular lesions primarily on the cheek. There appears to be some erythema and background sun damage or hyperpigmentation.

I'll explore the disease ontology tree for papulopustular and erythematous facial conditions. | Step 3: The image shows fa",,['no definitive diagnosis']
43,youtube/sdvE0xFsk7U_frame_896_0_0.jpg,urticaria,"reaction patterns and descriptive terms, hypersensitivity, allergic reaction, urticaria",no definitive diagnosis,0.5,"Step 1: I need to observe the image to gather clinical features such as morphology, color, distribution, and surface characteristics of the lesions. | Step 2: The observed features are pink patches with a smooth surface and ill-defined borders, located on the forearm. The distribution is generalized. I should navigate the disease ontology to identify potential conditions that match these observations. | Step 3: ",,['no definitive diagnosis']
44,youtube/eH4cE2rg_ak_frame_29458_1.jpg,urticaria,"reaction patterns and descriptive terms, hypersensitivity, allergic reaction, urticaria",no definitive diagnosis,0.5,"Step 1: I will observe the image to gather clinical features such as morphology, color, distribution, and surface characteristics of the lesions. | Step 2: ",,['no definitive diagnosis']
45,youtube/d-nF_cZBgBY_frame_31402_0_0.jpg,lichen planus,"inflammatory, non-infectious, lichen planus",no definitive diagnosis,0.5,Step 1: ,,['no definitive diagnosis']
46,youtube/tMQAGKMxUEw_frame_73886_0.jpg,lichen planus,"inflammatory, non-infectious, lichen planus",no definitive diagnosis,0.5,"Step 1: The first step is to observe the image to gather clinical features such as morphology, color, distribution, surface features, and body location. | Step 2: The image shows a localized, smooth, blue-gray patch with an ill-defined border, approximately 1 cm in size. This could represent a pigmented lesion. I will navigate the ontology to explore potential categories that match these features. | Step 3: The image shows a localized, smooth, blue-gray patch with an ill-defined border, approxim",,['no definitive diagnosis']
47,pubmed/a4_f4_PMC8859620_JOMFP_25_383_g004.png,lichen planus,"inflammatory, non-infectious, lichen planus",no definitive diagnosis,0.5,"Step 1: I need to observe the image carefully to identify any clinical features or lesions that can guide the diagnostic process. | Step 2: I need to examine the oral cavity closely for any specific features, lesions, or abnormalities that might aid in diagnosis. | Step 3: ",,['no definitive diagnosis']
48,youtube/jDTD1kfijoY_frame_17131_0_0.jpg,lichen planus,"inflammatory, non-infectious, lichen planus",no definitive diagnosis,0.5,"Step 1: I need to observe the image to gather clinical features including morphology, color, distribution, and any distinctive characteristics. | Step 2: The image reveals a scaly, red and pink plaque with a well-defined border and white scaling. This presentation suggests a possibility of a few different dermatoses. Next, I will navigate the disease ontology to explore relevant categories and refine potential diagnoses. | Step 3: The image shows a scaly, red, and pink plaque with a well-defined",,['no definitive diagnosis']
49,IIYI/10730_4.png,lichen planus,"inflammatory, non-infectious, lichen planus",no definitive diagnosis,0.5,"Step 1: I need to observe the image to gather clinical features, focusing on morphology, color, distribution, surface features, and body location. | Step 2: Based on my observations, the lesions appear as red-brown scaly plaques with ill-defined borders, distributed in a generalized manner. This could suggest several possibilities, such as eczema, psoriasis, or a lichenoid eruption. I will now navigate the disease ontology tree to explore relevant categories. | Step 3: The image shows multiple r",,['no definitive diagnosis']
50,public/warts-common-39.jpg,molluscum contagiosum,"inflammatory, infectious, viral, molluscum contagiosum",no definitive diagnosis,0.5,"Step 1: I need to observe the image to gather specific clinical features about the skin lesion. | Step 2: Based on the observed features, I need to explore the disease ontology tree to identify potential diagnoses related to a small, skin-colored, smooth papule on the eyelid. | Step 3: ",,['no definitive diagnosis']
51,IIYI/29217_1.png,molluscum contagiosum,"inflammatory, infectious, viral, molluscum contagiosum",no definitive diagnosis,0.5,"Step 1: The image shows linear, pink papules on the skin, which are suggestive of a specific pattern or distribution. I'll begin by navigating the disease ontology to explore potential diagnostic categories that fit this presentation. | Step 2: The image shows linear, pink papules on the skin, which could suggest a specific pattern. I will analyze the image to gather detailed clinical features. | Step 3: The image shows small, pink vesicles arranged in a linear pattern on the neck. Given the loc",,['no definitive diagnosis']
52,public/herpes-type-1-recurrent-94.jpg,molluscum contagiosum,"inflammatory, infectious, viral, molluscum contagiosum",no definitive diagnosis,0.5,"Step 1: The image shows grouped vesicular lesions around the mouth area, which appear to be crusted. This presentation is suggestive of a herpetic infection. To confirm, I'll explore the disease ontology tree for more details on herpes-related conditions. | Step 2: The image shows grouped vesicular lesions with crusting around the lips. This appearance is characteristic of a herpetic infection, likely herpes labialis. To confirm, I'll navigate the disease ontology to explore herpes-related condi",,['no definitive diagnosis']
53,public/warts-common-64.jpg,molluscum contagiosum,"inflammatory, infectious, viral, molluscum contagiosum",no definitive diagnosis,0.5,"Step 1: I'll begin by observing the image to gather clinical features such as morphology, color, distribution, surface features, and specific body location. | Step 2: The image reveals multiple skin lesions characterized by a large purple-brown nodule with a smooth and crusted surface, accompanied by smaller vesicles, located on the dorsum of the hand and fingers. To proceed, I will explore the disease ontology to identify possible matching conditions, focusing on nodular and vesicular lesions. ",,['no definitive diagnosis']
54,public/corns-26.jpg,molluscum contagiosum,"inflammatory, infectious, viral, molluscum contagiosum",no definitive diagnosis,0.5,"Step 1: Start by observing the image to gather clinical features such as morphology, color, distribution, surface features, and body location. | Step 2: ",,['no definitive diagnosis']
55,"note/Diane Jackson-Richards, Amit G. Pandya (eds.) - Dermatology Atlas for Skin of Color-Springer-Verlag Berlin Heidelberg (2014)_00020_00168_0.png",vitiligo,"reaction patterns and descriptive terms, vitiligo",no definitive diagnosis,0.5,"Step 1: The image shows a hypopigmented patch on the skin. I need to explore relevant disease categories related to this presentation using the ontology tree. | Step 2: The image shows a hypopigmented patch on the skin. I need to explore relevant disease categories related to this presentation using the ontology tree. | Step 3: The observed features include a white, localized, smooth patch with an ill-defined border on the forearm, approximately 3 cm in size. Based on these characteristics, I ne",,['no definitive diagnosis']
56,youtube/ughfUshyayw_frame_4579_0_0.jpg,vitiligo,"reaction patterns and descriptive terms, vitiligo",no definitive diagnosis,0.0,"Step 1: I need to observe the image to gather clinical features such as morphology, color, and distribution. | Step 2: I need to observe the image to gather clinical features such as morphology, color, and distribution. | Step 3: I have observed the image and see a pinkish area with a somewhat blurred texture, but no definitive lesions, distinct features, or patterns. This lack of specific findings makes it difficult to make a clear diagnosis.",,['no definitive diagnosis']
57,youtube/dmTY89DBhAg_frame_41032_0.jpg,vitiligo,"reaction patterns and descriptive terms, vitiligo",no definitive diagnosis,0.0,"Step 1: The image shows an area of skin with some discoloration and possible raised lesions. I need to identify specific clinical features such as morphology and distribution. | Step 2: The skin in the image does not show clear or distinct lesions, pigmentation, or any characteristic features that aid in diagnosis. I should conclude with no definitive diagnosis.",,['no definitive diagnosis']
58,note/疑难皮肤病彩色图谱OCR_00257_14590_0.png,vitiligo,"reaction patterns and descriptive terms, vitiligo",Café au lait macule,0.9,"Step 1: First, I need to observe the image to gather clinical features such as morphology, color, distribution, surface features, and body location. | Step 2: Based on the observations, I see macules that are brown, smooth, well-defined, and distributed on the torso and arms. The next step is to navigate the disease ontology for conditions that match these features. | Step 3: I have observed the image which shows small, smooth, brown macules distributed on the torso and arms. The border of these",,"['Café au lait macule', 'lentigines', 'melanocytic nevus']"
59,pubmed/9f_db_PMC6927254_CCID-12-911-g0002_1.jpg,vitiligo,"reaction patterns and descriptive terms, vitiligo",no definitive diagnosis,0.5,"Step 1: I'll start by observing the image to identify clinical features such as morphology, color, distribution, surface features, and body location. | Step 2: I've observed the image and noted a hypopigmented patch on the dorsum of the hand with well-defined borders. Next, I'll navigate the disease ontology tree to find relevant categories related to hypopigmented patches. | Step 3: ",,['no definitive diagnosis']
60,public/sebaceous-hyperplasia-71.jpg,seborrheic keratoses,"proliferations, benign, non-melanocytic, seborrheic keratosis, seborrheic keratoses",no definitive diagnosis,0.5,"Step 1: I'll start by observing the image to identify clinical features such as morphology, color, distribution, and surface characteristics. | Step 2: The image shows a localized, well-defined, smooth pink to red papule, approximately 5-10 mm in size on the skin of the body. These features are consistent with certain dermatological conditions. I will now explore the ontology to identify potential diagnoses based on these characteristics. | Step 3: I've observed a localized, well-defined, smooth",,['no definitive diagnosis']
61,public/seborrheic-keratosis-irritated-33.jpg,seborrheic keratoses,"proliferations, benign, non-melanocytic, seborrheic keratosis, seborrheic keratoses",no definitive diagnosis,0.5,"Step 1: The image shows a lesion with irregular borders, heterogeneous coloration including black, brown, and red areas, and a rough, possibly scaly surface. It is important to explore the ontology for pigmented lesions, especially considering the possibility of melanoma due to the color variation and irregular borders. | Step 2: The image shows a lesion with irregular borders, heterogeneous coloration including black and red areas, and a rough, scaly surface. This raises concern for a pigmented",,['no definitive diagnosis']
62,public/porokeratosis-31.jpg,seborrheic keratoses,"proliferations, benign, non-melanocytic, seborrheic keratosis, seborrheic keratoses",no definitive diagnosis,0.5,"Step 1: I need to observe the image closely to extract clinical features such as morphology, color, distribution, surface features, and body location of any skin lesions present. | Step 2: I have observed the image and identified papules that are red and brown in color, smooth-surfaced, and well-defined, distributed on the legs. Next, I should explore the disease ontology tree to identify potential categories or diseases matching these observations. | Step 3: I should examine the ontology tree t",,['no definitive diagnosis']
63,public/dermatofibroma-123.jpg,seborrheic keratoses,"proliferations, benign, non-melanocytic, seborrheic keratosis, seborrheic keratoses",no definitive diagnosis,0.5,"Step 1: I will observe the image to extract clinical features such as morphology, color, distribution, and any notable surface characteristics. | Step 2: Based on the observations, the image shows a localized, well-defined, pink-brown papule with a smooth surface, approximately 5 mm in size. To narrow down the diagnosis, I will navigate the disease ontology to explore potential categories. | Step 3: I will navigate the disease ontology to explore categories related to papules and refine the diag",,['no definitive diagnosis']
64,public/epidermal-cyst-108.jpg,seborrheic keratoses,"proliferations, benign, non-melanocytic, seborrheic keratosis, seborrheic keratoses",no definitive diagnosis,0.5,"Step 1: I need to observe the image closely to identify clinical features such as morphology, color, surface characteristics, and body location. | Step 2: I need to use the observed clinical features to navigate the disease ontology tree and identify potential diagnoses. The clinical features include a localized, well-defined, brown crusted papule of approximately 4 mm. | Step 3: ",,['no definitive diagnosis']
65,public/Lichen-Sclerosus-Penis-4.jpg,"lichen planus, psoriasis","inflammatory, non-infectious, lichen planus, psoriasis",no definitive diagnosis,0.5,"Step 1: I will observe the image to extract clinical features such as morphology, color, distribution, and surface characteristics. | Step 2: I will observe the image to extract clinical features such as morphology, color, distribution, and surface characteristics. | Step 3: ",,['no definitive diagnosis']
66,public/Psoriasis-Chronic-Plaque-170.jpg,"lichen planus, psoriasis","inflammatory, non-infectious, lichen planus, psoriasis",no definitive diagnosis,0.5,"Step 1: Let's observe the image to identify clinical features, such as morphology, color, distribution, surface features, and body location. | Step 2: Based on the observation, the lesion is a red, well-defined, scaly plaque located on the extensor surface of the arm. These features are suggestive of several conditions, including psoriasis. Let's navigate the ontology to explore related categories and diseases. | Step 3: The image depicts a red, well-defined, scaly plaque on the extensor surface",,['no definitive diagnosis']
67,public/Lichen-Sclerosis-Vulva-22.jpg,"lichen planus, psoriasis","inflammatory, non-infectious, lichen planus, psoriasis",no definitive diagnosis,0.5,"Step 1: I need to observe and analyze the dermatological image to extract clinical features such as morphology, color, distribution, surface features, and body location. | Step 2: Based on the observation, the clinical features suggest a specific dermatological condition. The presence of patches, erosions, and discoloration in an intertriginous area (with red, pink, and white colors) aligns with certain dermatoses. I need to navigate the disease ontology tree to explore categories that match the",,['no definitive diagnosis']
68,public/Psoriasis-Guttate-75.jpg,"lichen planus, psoriasis","inflammatory, non-infectious, lichen planus, psoriasis",no definitive diagnosis,0.5,"Step 1: I will start by observing the image to identify the clinical features visible, such as morphology, color, distribution, surface features, and body location. | Step 2: The image shows red papules distributed across the trunk, appearing smooth with well-defined borders. I will navigate the disease ontology tree to explore potential categories and conditions related to these features. | Step 3: ",,['no definitive diagnosis']
69,public/psoriasis-scalp-78.jpg,"lichen planus, psoriasis","inflammatory, non-infectious, lichen planus, psoriasis",no definitive diagnosis,0.5,"Step 1: I need to observe the image to identify clinical features such as morphology, color, distribution, and surface characteristics. | Step 2: The observed features suggest a scaly, plaque-like lesion with a white, pink, and red coloration on the scalp and neck. This pattern is often seen in conditions such as psoriasis or seborrheic dermatitis. Now, I will explore the disease ontology to find categories that match these characteristics. | Step 3: ",,['no definitive diagnosis']
70,IIYI/22269_2.png,herpes zoster,"inflammatory, infectious, viral, herpes zoster",no definitive diagnosis,0.5,"Step 1: I will observe the image to identify clinical features such as morphology, color, distribution, surface features, and body location. | Step 2: Based on the observed clinical features, the presence of vesicles, bullae, and crusts on a dermatomal distribution on the trunk suggests a possible diagnosis of Herpes Zoster (Shingles). I will now navigate the disease ontology tree to confirm this and explore related categories. | Step 3: ",,['no definitive diagnosis']
71,IIYI/24063_2.png,herpes zoster,"inflammatory, infectious, viral, herpes zoster",no definitive diagnosis,0.5,"Step 1: I need to observe the image to gather clinical features such as morphology, color, distribution, and any specific surface characteristics of the lesions. | Step 2: The clinical features suggest a papular rash with red and pink coloring, localized on the forearm, indicating an inflammatory or infectious process. The rough surface and ill-defined borders are important. Next, I'll explore relevant categories in the ontology tree to narrow down potential conditions. | Step 3: I need to obser",,['no definitive diagnosis']
72,IIYI/830_3.png,herpes zoster,"inflammatory, infectious, viral, herpes zoster",no definitive diagnosis,0.5,"Step 1: I'll start by observing the image to gather clinical features such as the morphology, color, and distribution of the lesions. | Step 2: The image shows multiple red papules that are well-defined and smooth, located on the back. These features match a generalized distribution. Next, I'll explore the disease ontology tree to find relevant categories for these findings. | Step 3: The image shows red papules that are well-defined and smooth, located on the back, with a generalized distributi",,['no definitive diagnosis']
73,IIYI/25663_2.png,herpes zoster,"inflammatory, infectious, viral, herpes zoster",no definitive diagnosis,0.5,"Step 1: I need to observe the image closely to gather clinical features such as morphology, color, distribution, and body location of the skin condition. | Step 2: The image shows large bullae and vesicles with yellow and red coloration, localized on the thigh with a well-defined border and smooth surface. This morphology suggests a possible blistering disorder. Next, I'll explore the disease ontology tree to identify relevant categories and conditions. | Step 3: The image reveals large bullae w",,['no definitive diagnosis']
74,public/3730702458099585701.png,herpes zoster,"inflammatory, infectious, viral, herpes zoster",no definitive diagnosis,0.5,"Step 1: Observe the image to identify the clinical features such as morphology, color, distribution, and specific location. | Step 2: I have observed a red, scaly plaque with an irregular border located on the elbow. Next, I will navigate the disease ontology tree to explore categories that match these clinical findings. | Step 3: ",,['no definitive diagnosis']
75,edu/(Eğitim Tanrısı) George Laskaris - Color Atlas of Oral Diseases- Diagnosis and Treatment-Thieme (2017)_00221_00884.png,ulcer,"reaction patterns and descriptive terms, ulcers, erosion of skin, ulcer",no definitive diagnosis,0.5,"Step 1: The image shows an ulcerative lesion on the mucosal surface of the mouth. It appears white and necrotic in the center with erythematous surrounding tissue. The lesion is located on the inner lip or oral mucosa. | Step 2: I need to observe the image carefully to gather clinical details about the lesion, such as morphology, color, distribution, surface features, and location. | Step 3: Based on the observations, the lesion is an ulcer on the oral mucosa with a red and white color. I will n",,['no definitive diagnosis']
76,pubmed/a5_e7_PMC5004559_CCD-7-401-g002_1.jpg,ulcer,"reaction patterns and descriptive terms, ulcers, erosion of skin, ulcer",no definitive diagnosis,0.5,"Step 1: The image shows an intraoral lesion. I need to observe the image to extract clinical features such as lesion type, color, surface characteristics, and distribution. | Step 2: The observations indicate an ulcerated lesion in the oral mucosa with red and pink coloring, irregular border, and localized distribution. Next, I will navigate the ontology to explore potential categories for ulcerated lesions in the oral cavity. | Step 3: Let's observe the image to identify key clinical features o",,['no definitive diagnosis']
77,pubmed/13_ca_PMC6106674_abd-93-05-0726-g01_3.jpg,ulcer,"reaction patterns and descriptive terms, ulcers, erosion of skin, ulcer",no definitive diagnosis,0.5,"Step 1: First, I will observe the image to extract clinical features, such as morphology, color, distribution, surface features, and body location. | Step 2: I have observed the image and extracted the clinical features: papules and macules with red and brown coloration, generalized distribution on the arm, smooth surface, well-defined borders, and size less than 1 cm. Next, I will navigate the ontology to explore potential diagnoses that fit these observations. | Step 3: I will observe the imag",,['no definitive diagnosis']
78,pubmed/e3_11_PMC4147289_GRP2014_934159.003.png,ulcer,"reaction patterns and descriptive terms, ulcers, erosion of skin, ulcer",no definitive diagnosis,0.5,"Step 1: I need to observe the image to gather clinical features such as morphology, color, distribution, and location. | Step 2: I need to use the ontology tree to explore potential categories or diseases associated with a red, smooth, well-defined patch on the tongue. | Step 3: I will use the navigate_ontology tool to explore diseases related to oral lesions, particularly those presenting as red, smooth, well-defined patches on the tongue. | Step 4: ",,['no definitive diagnosis']
79,youtube/UsoXCLoC0bQ_frame_23401_2.jpg,ulcer,"reaction patterns and descriptive terms, ulcers, ulcer, erosion of skin",no definitive diagnosis,0.5,"Step 1: I need to observe the image to gather clinical features such as morphology, color, distribution, surface features, and body location. | Step 2: Based on the observations, the clinical features include ulcerated lesions with a red and brown color, linear distribution, and ill-defined borders located on the forearm. These features suggest certain conditions such as infectious ulcers or trauma-related ulcers. I will now navigate the disease ontology to explore relevant categories. | Step 3:",,['no definitive diagnosis']
80,youtube/IXZC_NOKpq0_frame_38432_0.jpg,contact dermatitis,"inflammatory, non-infectious, eczema, contact dermatitis",no definitive diagnosis,0.5,Step 1: ,,['no definitive diagnosis']
81,youtube/XYW6aQervTY_frame_50_0_0.jpg,contact dermatitis,"inflammatory, non-infectious, eczema, contact dermatitis",no definitive diagnosis,0.5,"Step 1: I will observe the image to gather clinical features such as morphology, color, distribution, surface features, and body location. | Step 2: I will navigate the disease ontology tree to explore categories and diseases related to the observed features: macules and patches that are brown, smooth, well-defined, and localized on the face. | Step 3: ",,['no definitive diagnosis']
82,youtube/y1SpcTyifcU_frame_64505_0.jpg,contact dermatitis,"inflammatory, non-infectious, eczema, contact dermatitis",no definitive diagnosis,0.5,Step 1: The image shows a significant skin finding that requires thorough investigation. I will start by observing the image to identify key clinical features. | Step 2: ,,['no definitive diagnosis']
83,youtube/CKj3GPY9dvc_frame_480_0_0.jpg,contact dermatitis,"inflammatory, non-infectious, eczema, contact dermatitis",no definitive diagnosis,0.5,"Step 1: The image shows lesions in the oral cavity, likely involving the tonsils. This could suggest an infection or inflammation. I will use the observation tool to gather more detailed clinical features. | Step 2: The observation indicates patches in the tonsillar area with a whitish appearance and red background, which could suggest conditions like tonsillitis, oral candidiasis, or leukoplakia. I will explore categories related to these findings in the ontology tree for further steps. | Step ",,['no definitive diagnosis']
84,youtube/WSjmXzl22Pk_frame_8766_0_0.jpg,contact dermatitis,"inflammatory, non-infectious, eczema, contact dermatitis",no definitive diagnosis,0.0,"Step 1: The image shows a surgical procedure involving the skin, likely related to a dermatological intervention. There isn't a clear visible skin lesion to diagnose. Let's conclude based on the absence of a specific lesion.",,['no definitive diagnosis']
85,public/tinea-incognito-51.jpg,"candidiasis, tinea","inflammatory, infectious, fungal, candidiasis, tinea",no definitive diagnosis,0.5,"Step 1: I will start by analyzing the image to gather clinical features such as morphology, color, and distribution of the lesions. | Step 2: ",,['no definitive diagnosis']
86,public/tinea-versicolor-162.jpg,"candidiasis, tinea","inflammatory, infectious, fungal, candidiasis, tinea",no definitive diagnosis,0.0,Step 1: The image shows multiple hyperpigmented macules and papules on the back. I need to explore the ontology for conditions that manifest with such features and involve the trunk area. | Step 2: The image shows multiple hyperpigmented macules and papules on the back. I need to explore the ontology for conditions that manifest with such features and involve the trunk area. | Step 3: The image shows multiple dark brown macules distributed across the back with a smooth surface and well-defined b,,['no definitive diagnosis']
87,public/tinea-foot-webs-11.jpg,"candidiasis, tinea","inflammatory, infectious, fungal, candidiasis, tinea",no definitive diagnosis,0.5,"Step 1: The image shows the toe area with white, macerated skin and apparent peeling. This suggests a possible fungal infection or other related condition. | Step 2: The image shows the toe area with white, macerated skin, peeling, and redness, which suggests a possible fungal infection such as athlete's foot. | Step 3: The image shows macerated, peeling, and possibly white skin between the toes. This appearance is characteristic of a fungal infection, commonly known as tinea pedis or athlete's ",,['no definitive diagnosis']
88,public/tinea-groin-120.jpg,"candidiasis, tinea","inflammatory, infectious, fungal, candidiasis, tinea",no definitive diagnosis,0.5,"Step 1: First, I will observe the image to gather clinical features including morphology, color, distribution, surface features, and body location. | Step 2: Based on the observations, the lesion appears as a red, scaly patch with well-defined borders located in the inguinal region. This morphology and location suggest a possible dermatophyte infection, such as tinea cruris. Next, I will navigate the ontology to explore relevant categories and diseases. | Step 3: Based on the image and features ",,['no definitive diagnosis']
89,public/tinea-foot-dorsum-4.jpg,"candidiasis, tinea","inflammatory, infectious, fungal, candidiasis, tinea",no definitive diagnosis,0.5,"Step 1: First, I will observe the image to gather relevant clinical features such as morphology, color, distribution, surface features, and body location. | Step 2: The observed features indicate a red, scaly, ill-defined rash localized to the heel. This suggests a few potential diagnoses, such as tinea pedis (fungal infection) or dermatitis. Next, I will use the ontology tree to explore relevant categories. | Step 3: ",,['no definitive diagnosis']
90,youtube/iZrp1daJWk0_frame_15452_0.jpg,tinea,"inflammatory, infectious, fungal, dermatophyte infections, tinea",no definitive diagnosis,0.5,"Step 1: The image shows a scalp with extensive crusting and scaling. I need to use the ontology to explore potential categories for these symptoms. | Step 2: The image shows a scalp with extensive crusting and scaling. I need to gather more specific clinical features from this observation. | Step 3: The image shows extensive scaly and crusted plaques on the scalp with red, yellow, and brown coloration. This presentation suggests a potential inflammatory or infectious cause. I need to explore the",,['no definitive diagnosis']
91,edu/Illustrated-Manual-of-Pediatric-Dermatology-Diagno...-批量 OCR_00166_10141.png,tinea,"inflammatory, infectious, fungal, tinea",no definitive diagnosis,0.0,"Step 1: I'll begin by observing the image to gather clinical features such as morphology, color, distribution, surface features, and body location. | Step 2: I've observed localized, red, smooth papules in a linear distribution on the neck and occipital scalp. The next step is to explore these clinical features in the disease ontology to find potential matches. | Step 3: I've observed smooth, red papules in a linear distribution on the neck and occipital scalp. This pattern suggests a dermatolog",,['no definitive diagnosis']
92,youtube/1rQ9PmDOrSs_frame_11842_2.jpg,tinea,"inflammatory, infectious, fungal, dermatophyte infections, tinea",no definitive diagnosis,0.5,"Step 1: I will observe the image to identify clinical features such as morphology, color, distribution, and surface characteristics. | Step 2: Based on the image, I observe two red, scaly plaques with well-defined borders. These features may suggest a dermatophyte infection or psoriasis, but I need to explore further. I will now navigate the disease ontology tree to explore categories related to these characteristics. | Step 3: Based on the observed image features—red, scaly plaques with well-de",,['no definitive diagnosis']
93,youtube/609D9bQFAtc_frame_56165_0.jpg,tinea,"inflammatory, infectious, fungal, dermatophyte infections, tinea",no definitive diagnosis,0.5,Step 1: ,,['no definitive diagnosis']
94,public/-5081790413284637815.png,tinea,"inflammatory, infectious, fungal, tinea",no definitive diagnosis,0.5,"Step 1: I need to observe the image to identify clinical features such as morphology, color, distribution, and surface features. | Step 2: I need to observe the image to identify clinical features such as morphology, color, distribution, and surface features. | Step 3: I have observed a red, localized patch on the back with a smooth surface and ill-defined border. Next, I need to navigate the disease ontology to explore potential categories or diseases that match these features. | Step 4: ",,['no definitive diagnosis']
95,youtube/zzxJOYcnQ6g_frame_1727_0.jpg,scabies,"inflammatory, infectious, parasitic, scabies",no definitive diagnosis,0.5,"Step 1: I will begin by observing the image to gather clinical features such as morphology, color, distribution, surface features, and body location. | Step 2: I have observed that the image shows multiple small red to brown papules with a smooth surface and well-defined borders, localized to the wrist. I will now explore the disease ontology tree to identify potential diagnoses fitting these observations. | Step 3: I have observed multiple small red to brown papules with a smooth surface locali",,['no definitive diagnosis']
96,youtube/EU7EEKXaFcg_frame_42145_0.jpg,scabies,"inflammatory, infectious, parasitic, scabies",no definitive diagnosis,0.5,"Step 1: I need to observe the image to gather clinical features such as morphology, color, distribution, surface features, and body location. | Step 2: Based on the observation, this presentation involves red papules and plaques that are scaly and crusted, located on the face. I will explore dermatological conditions affecting the face with similar features. | Step 3: ",,['no definitive diagnosis']
97,youtube/zHIWVerNenY_frame_735_0_0.jpg,scabies,"inflammatory, infectious, parasitic, scabies",no definitive diagnosis,0.5,"Step 1: Observe the image to identify clinical features such as morphology, distribution, color, and body location. | Step 2: The image shows scaly, crusted plaques that are red and white, and distributed over the neck and upper back. This suggests a possible inflammatory condition with extensive involvement.

Next, I will navigate the disease ontology to identify possible categories and specific diseases that match these features. | Step 3: ",,['no definitive diagnosis']
98,youtube/QjNDAQVm9Ys_frame_9240_0_0.jpg,scabies,"inflammatory, infectious, parasitic, scabies",no definitive diagnosis,0.5,"Step 1: I will begin by observing the image to gather clinical features such as morphology, color, distribution, surface features, and body location. | Step 2: The image shows red, smooth patches and plaques on the feet of a child, with multiple lesions of varying sizes. This suggests a generalized distribution and well-defined borders. Next, I will use the disease ontology tree to explore categories that match these characteristics. | Step 3: The image shows red, smooth patches and plaques on t",,['no definitive diagnosis']
99,IIYI/10883_2.png,scabies,"inflammatory, infectious, parasitic, scabies",no definitive diagnosis,0.5,"Step 1: I will start by observing the image to gather clinical features such as morphology, color, distribution, surface features, and body location. | Step 2: I will observe the image to gather clinical features such as morphology, color, distribution, and body location. | Step 3: The image shows multiple small papules on the arm, which are red in color and localized. I need to explore potential conditions that could present with these features. | Step 4: ",,['no definitive diagnosis']
